2.00d00,1.00d13,1.59d34,1.00d51,2.00d00A1.00d13R1.59d34M1.00d51E
2.00d00,1.00d13,1.59d34,1.50d51,2.00d00A1.00d13R1.59d34M1.50d51E
2.00d00,1.00d13,1.59d34,2.00d51,2.00d00A1.00d13R1.59d34M2.00d51E
2.00d00,1.00d13,1.59d34,2.50d51,2.00d00A1.00d13R1.59d34M2.50d51E
2.00d00,1.00d13,1.59d34,3.00d51,2.00d00A1.00d13R1.59d34M3.00d51E
2.00d00,1.00d13,1.59d34,3.50d51,2.00d00A1.00d13R1.59d34M3.50d51E
2.00d00,1.00d13,1.59d34,4.00d51,2.00d00A1.00d13R1.59d34M4.00d51E
2.00d00,1.00d13,1.59d34,4.50d51,2.00d00A1.00d13R1.59d34M4.50d51E
2.00d00,1.00d13,1.59d34,5.00d51,2.00d00A1.00d13R1.59d34M5.00d51E
2.00d00,1.00d13,2.18d34,1.00d51,2.00d00A1.00d13R2.18d34M1.00d51E
2.00d00,1.00d13,2.18d34,1.50d51,2.00d00A1.00d13R2.18d34M1.50d51E
2.00d00,1.00d13,2.18d34,2.00d51,2.00d00A1.00d13R2.18d34M2.00d51E
2.00d00,1.00d13,2.18d34,2.50d51,2.00d00A1.00d13R2.18d34M2.50d51E
2.00d00,1.00d13,2.18d34,3.00d51,2.00d00A1.00d13R2.18d34M3.00d51E
2.00d00,1.00d13,2.18d34,3.50d51,2.00d00A1.00d13R2.18d34M3.50d51E
2.00d00,1.00d13,2.18d34,4.00d51,2.00d00A1.00d13R2.18d34M4.00d51E
2.00d00,1.00d13,2.18d34,4.50d51,2.00d00A1.00d13R2.18d34M4.50d51E
2.00d00,1.00d13,2.18d34,5.00d51,2.00d00A1.00d13R2.18d34M5.00d51E
2.00d00,1.00d13,2.78d34,1.00d51,2.00d00A1.00d13R2.78d34M1.00d51E
2.00d00,1.00d13,2.78d34,1.50d51,2.00d00A1.00d13R2.78d34M1.50d51E
2.00d00,1.00d13,2.78d34,2.00d51,2.00d00A1.00d13R2.78d34M2.00d51E
2.00d00,1.00d13,2.78d34,2.50d51,2.00d00A1.00d13R2.78d34M2.50d51E
2.00d00,1.00d13,2.78d34,3.00d51,2.00d00A1.00d13R2.78d34M3.00d51E
2.00d00,1.00d13,2.78d34,3.50d51,2.00d00A1.00d13R2.78d34M3.50d51E
2.00d00,1.00d13,2.78d34,4.00d51,2.00d00A1.00d13R2.78d34M4.00d51E
2.00d00,1.00d13,2.78d34,4.50d51,2.00d00A1.00d13R2.78d34M4.50d51E
2.00d00,1.00d13,2.78d34,5.00d51,2.00d00A1.00d13R2.78d34M5.00d51E
2.00d00,1.00d13,3.38d34,1.00d51,2.00d00A1.00d13R3.38d34M1.00d51E
2.00d00,1.00d13,3.38d34,1.50d51,2.00d00A1.00d13R3.38d34M1.50d51E
2.00d00,1.00d13,3.38d34,2.00d51,2.00d00A1.00d13R3.38d34M2.00d51E
2.00d00,1.00d13,3.38d34,2.50d51,2.00d00A1.00d13R3.38d34M2.50d51E
2.00d00,1.00d13,3.38d34,3.00d51,2.00d00A1.00d13R3.38d34M3.00d51E
2.00d00,1.00d13,3.38d34,3.50d51,2.00d00A1.00d13R3.38d34M3.50d51E
2.00d00,1.00d13,3.38d34,4.00d51,2.00d00A1.00d13R3.38d34M4.00d51E
2.00d00,1.00d13,3.38d34,4.50d51,2.00d00A1.00d13R3.38d34M4.50d51E
2.00d00,1.00d13,3.38d34,5.00d51,2.00d00A1.00d13R3.38d34M5.00d51E
2.00d00,1.00d13,3.97d34,1.00d51,2.00d00A1.00d13R3.97d34M1.00d51E
2.00d00,1.00d13,3.97d34,1.50d51,2.00d00A1.00d13R3.97d34M1.50d51E
2.00d00,1.00d13,3.97d34,2.00d51,2.00d00A1.00d13R3.97d34M2.00d51E
2.00d00,1.00d13,3.97d34,2.50d51,2.00d00A1.00d13R3.97d34M2.50d51E
2.00d00,1.00d13,3.97d34,3.00d51,2.00d00A1.00d13R3.97d34M3.00d51E
2.00d00,1.00d13,3.97d34,3.50d51,2.00d00A1.00d13R3.97d34M3.50d51E
2.00d00,1.00d13,3.97d34,4.00d51,2.00d00A1.00d13R3.97d34M4.00d51E
2.00d00,1.00d13,3.97d34,4.50d51,2.00d00A1.00d13R3.97d34M4.50d51E
2.00d00,1.00d13,3.97d34,5.00d51,2.00d00A1.00d13R3.97d34M5.00d51E
